425.0 -1250.0 0.0
26
-300.0 425.0 -300.0 -325.0
400.0 425.0 -300.0 425.0
400.0 800.0 400.0 425.0
1100.0 800.0 400.0 800.0
1100.0 -1125.0 1100.0 800.0
300.0 -1125.0 1100.0 -1125.0
300.0 -700.0 300.0 -1125.0
-300.0 -325.0 0.0 -325.0
100.0 -1450.0 1500.0 -1450.0
1500.0 1050.0 1500.0 -1450.0
275.0 1050.0 1500.0 1050.0
275.0 550.0 275.0 1050.0
-600.0 550.0 275.0 550.0
-600.0 -750.0 -600.0 550.0
-200.0 -750.0 -600.0 -750.0
-200.0 -1050.0 -200.0 -750.0
0.0 -700.0 0.0 -325.0
300.0 -700.0 0.0 -700.0
100.0 -1050.0 100.0 -1450.0
-200.0 -1050.0 100.0 -1050.0
1300.0 -200.0 1500.0 -200.0
1300.0 -600.0 1100.0 -600.0
1225.0 -900.0 1500.0 -900.0
1300.0 350.0 1300.0 175.0
1100.0 350.0 1300.0 350.0
1225.0 625.0 1500.0 625.0
26
350.0 -1125.0 250.0 -1450.0 1
700.0 -1125.0 700.0 -1450.0 1
1100.0 -1125.0 1100.0 -1450.0 1
1100.0 -1100.0 1500.0 -1100.0 1
1100.0 -400.0 1500.0 -400.0 1
1100.0 25.0 1500.0 25.0 1
1100.0 800.0 1500.0 800.0 1
1025.0 800.0 1275.0 1050.0 1
600.0 800.0 600.0 1050.0 1
400.0 800.0 275.0 800.0 1
400.0 550.0 275.0 550.0 1
0.0 425.0 0.0 550.0 1
-300.0 425.0 -300.0 550.0 1
-300.0 250.0 -600.0 250.0 1
-300.0 -50.0 -600.0 -50.0 1
-300.0 -325.0 -600.0 -325.0 1
-200.0 -325.0 -200.0 -750.0 1
300.0 -1025.0 100.0 -1125.0 1
0.0 -700.0 -200.0 -800.0 1
1100.0 175.0 1300.0 175.0 0
1100.0 -900.0 1225.0 -900.0 1
1300.0 -600.0 1500.0 -600.0 1
1100.0 -200.0 1300.0 -200.0 1
1300.0 350.0 1500.0 350.0 1
1100.0 625.0 1225.0 625.0 1
825.0 800.0 825.0 1050.0 1

