-500.0 -775.0 0.0
23
575.0 -275.0 0.0 -225.0
1525.0 325.0 575.0 -275.0
1225.0 1650.0 1525.0 325.0
50.0 2000.0 1225.0 1650.0
-600.0 1350.0 50.0 2000.0
275.0 1150.0 -600.0 1350.0
25.0 575.0 275.0 1150.0
-925.0 125.0 25.0 575.0
-375.0 -500.0 -925.0 125.0
0.0 -225.0 -375.0 -500.0
925.0 -1000.0 -125.0 -1100.0
1675.0 -325.0 925.0 -1000.0
2300.0 0.0 1675.0 -325.0
2475.0 750.0 2300.0 0.0
1575.0 2300.0 2475.0 750.0
850.0 2300.0 1575.0 2300.0
-125.0 2425.0 850.0 2300.0
-1275.0 1450.0 -125.0 2425.0
-1000.0 900.0 -1275.0 1450.0
-750.0 725.0 -1000.0 900.0
-1675.0 300.0 -750.0 725.0
-1575.0 -775.0 -1675.0 300.0
-125.0 -1100.0 -1575.0 -775.0
17
-360.69468887382664 -239.93306778378428 -357.8370377557635 -1145.8084722098072 1
-577.8761738466271 -168.49178983220486 -923.6519591322699 -1125.8049143833646 1
96.5294900162794 -168.49178983220486 85.09888554402687 -1120.0896121472383 1
425.15936859354315 -71.33165181805725 796.6540139417548 -1000.0682651885854 1
788.0810605875649 31.543788432216616 1311.031215193124 -845.7551048131746 1
1422.4796087975874 265.8711801133961 2002.5827857644094 -299.9437412631104 1
1399.6183998530819 548.7786408016493 2614.1201250299264 431.61494496105956 1
1053.8426145674393 900.2697283234181 2656.984891800874 1200.3230957200506 1
985.2589877339233 1426.0775340470402 1971.148623465715 2049.04547778481 1
502.3159487812486 1594.6789500127672 1128.1415436370817 2374.8177052440105 1
162.25546573173233 1803.2874816313781 36.518816536952954 2537.7038189736113 1
-40.63776365075228 1606.1095544850198 -692.1822185691537 2209.073940396347 1
-400.70180452671093 1394.6433717483458 -1409.4526492030077 1200.3230957200506 1
-212.0968307345422 1363.2092094496509 -872.214239007133 737.383614593818 1
-143.51320390102615 297.3053424120908 -1006.5238415561016 708.8071034131863 1
-666.4633585065851 82.98150855735366 -1518.043391689408 580.212803100344 1
-697.89752080528 -25.609233929046695 -1669.4989009467556 -588.5665041874898 1

