250.0 475.0 0.0
8
-100.0 -100.0 2100.0 -100.0
2100.0 -100.0 2100.0 2100.0
2100.0 2100.0 -100.0 2100.0
-100.0 2100.0 -100.0 -100.0
300.0 300.0 1700.0 300.0
1700.0 300.0 1700.0 1700.0
1700.0 1700.0 300.0 1700.0
300.0 1700.0 300.0 300.0
12
400.0 300.0 400.0 -100.0 1
1000.0 300.0 1000.0 -100.0 1
1600.0 300.0 1600.0 -100.0 1
1700.0 400.0 2100.0 400.0 1
1700.0 1000.0 2100.0 1000.0 1
1700.0 1600.0 2100.0 1600.0 1
400.0 1700.0 400.0 2100.0 1
1000.0 1700.0 1000.0 2100.0 1
1600.0 1700.0 1600.0 2100.0 1
300.0 400.0 -100.0 400.0 1
300.0 1000.0 -100.0 1000.0 1
300.0 1600.0 -100.0 1600.0 1

