-250.0 -850.0 0.0
25
-225.0 -150.0 -150.0 125.0
-100.0 350.0 -150.0 125.0
200.0 500.0 -100.0 350.0
850.0 550.0 200.0 500.0
-225.0 -150.0 -425.0 -300.0
200.0 100.0 275.0 -225.0
300.0 225.0 200.0 100.0
550.0 200.0 300.0 225.0
875.0 25.0 850.0 550.0
650.0 -100.0 875.0 25.0
375.0 -125.0 550.0 200.0
625.0 -400.0 375.0 -125.0
950.0 -300.0 650.0 -100.0
975.0 -625.0 950.0 -300.0
575.0 -825.0 975.0 -625.0
550.0 -575.0 625.0 -400.0
450.0 -375.0 550.0 -575.0
350.0 -725.0 575.0 -825.0
-100.0 -725.0 450.0 -375.0
-100.0 -1075.0 350.0 -725.0
-500.0 -775.0 -100.0 -1075.0
-300.0 -425.0 -500.0 -775.0
-425.0 -300.0 -300.0 -425.0
-75.0 -475.0 275.0 -225.0
-100.0 -725.0 -75.0 -475.0
15
63.16216182282574 -1053.715386467165 30.455258718673576 -623.3613982546361 1
363.5492455951709 -812.717153068149 226.69667734358677 -486.508830003052 1
453.0628751433769 -824.7670647380996 552.9050004086837 -514.9121932250789 1
773.2462423734985 -774.8460021054464 583.8904875599858 -415.9307759361974 1
818.8637651240265 -186.121746230707 546.8800445737083 -347.0741378221928 1
750.0071270100218 -112.1008602581519 351.49933392522007 -134.47926764520344 1
840.3814645346529 -29.47289452134646 419.4952640627997 33.358787757682876 1
899.7703149079819 261.4464015103231 533.1087169509074 159.88286029216624 1
553.7657083851086 556.6692374241179 435.8487156148758 182.26126767921778 1
16.683931095872595 480.0662275222878 291.24977557546606 152.13648850434083 1
-253.57837350159554 137.5044529051147 258.5428724713139 52.294363239034055 1
-343.0920030498016 -103.49378049390134 331.70305046744375 -258.4212162504118 1
-441.2127123622582 -390.1095366434457 -21.18721986682999 -426.25927165329813 1
-545.3583775096902 -675.0038768401398 -42.70491927745638 -644.8790976652629 1
-302.63872815782395 -1037.3619349150893 -71.96899047590841 -686.1930805336656 1

