850.0 -150.0 0.0
12
0.0 -200.0 900.0 -100.0
-900.0 -100.0 0.0 -200.0
-900.0 0.0 -900.0 -100.0
0.0 100.0 -900.0 0.0
900.0 0.0 0.0 100.0
900.0 -100.0 900.0 0.0
1000.0 200.0 1000.0 -275.0
0.0 400.0 1000.0 200.0
-1000.0 200.0 0.0 400.0
-1000.0 -275.0 -1000.0 200.0
0.0 -400.0 1000.0 -275.0
-1000.0 -275.0 0.0 -400.0
18
0.0 -150.0 0.0 -425.0 1
875.0 -75.0 1000.0 -100.0 1
-900.0 0.0 -1000.0 0.0 1
225.0 -150.0 225.0 -400.0 1
400.0 -75.0 400.0 -375.0 1
575.0 -100.0 650.0 -350.0 1
725.0 -75.0 975.0 -300.0 1
700.0 0.0 1050.0 150.0 1
550.0 25.0 850.0 250.0 1
375.0 50.0 525.0 300.0 1
100.0 50.0 200.0 375.0 1
-175.0 0.0 -200.0 400.0 1
-500.0 0.0 -550.0 350.0 1
-750.0 0.0 -925.0 250.0 1
-725.0 -75.0 -975.0 -225.0 1
-625.0 -125.0 -800.0 -350.0 1
-400.0 -125.0 -525.0 -400.0 1
-175.0 -125.0 -200.0 -425.0 1

