0.0 0.0 0.0
21
300.0 -100.0 -100.0 -100.0
100.0 100.0 -300.0 100.0
300.0 600.0 300.0 -800.0
100.0 200.0 100.0 100.0
-600.0 200.0 100.0 200.0
-800.0 450.0 300.0 450.0
-800.0 -275.0 -800.0 600.0
-600.0 100.0 -600.0 200.0
-400.0 100.0 -600.0 100.0
-300.0 100.0 -300.0 -400.0
-400.0 -400.0 -400.0 100.0
-875.0 -400.0 -300.0 -400.0
-1000.0 -275.0 -800.0 -275.0
-1000.0 -600.0 -1000.0 -275.0
-600.0 -600.0 -1000.0 -600.0
-600.0 -100.0 -800.0 -100.0
-600.0 -800.0 -600.0 -600.0
300.0 -800.0 -600.0 -800.0
-100.0 -200.0 -100.0 -100.0
-300.0 -400.0 -300.0 -600.0
100.0 -400.0 -300.0 -400.0
19
-75.0 100.0 -75.0 -100.0 1
75.0 100.0 75.0 -100.0 1
100.0 125.0 300.0 125.0 1
50.0 200.0 50.0 600.0 1
-250.0 200.0 -250.0 600.0 1
-575.0 200.0 -575.0 600.0 1
-600.0 150.0 -800.0 150.0 1
-600.0 100.0 -600.0 -50.0 1
-400.0 -100.0 -575.0 -100.0 1
-650.0 -400.0 -650.0 -125.0 1
-875.0 -350.0 -875.0 -275.0 1
-1000.0 -400.0 -875.0 -400.0 0
-775.0 -425.0 -775.0 -600.0 1
-400.0 -400.0 -600.0 -600.0 1
-300.0 -600.0 -300.0 -800.0 1
0.0 -400.0 0.0 -800.0 1
100.0 -400.0 300.0 -400.0 1
-100.0 -400.0 -100.0 -200.0 1
-300.0 -100.0 -100.0 -100.0 1

