825.0 650.0 0.0
25
0.0 -200.0 900.0 -100.0
-900.0 -100.0 0.0 -200.0
-900.0 0.0 -900.0 -100.0
0.0 100.0 -900.0 0.0
900.0 0.0 0.0 100.0
900.0 -100.0 900.0 0.0
1000.0 200.0 1000.0 -275.0
200.0 200.0 1000.0 200.0
-1000.0 200.0 -200.0 200.0
-1000.0 -275.0 -1000.0 200.0
0.0 -400.0 1000.0 -275.0
-1000.0 -275.0 0.0 -400.0
0.0 300.0 0.0 100.0
1000.0 300.0 200.0 200.0
1000.0 1000.0 1000.0 300.0
-1000.0 1000.0 0.0 900.0
800.0 400.0 0.0 300.0
750.0 750.0 800.0 400.0
0.0 700.0 750.0 750.0
-1000.0 300.0 -200.0 200.0
-1000.0 1000.0 -1000.0 300.0
-750.0 750.0 0.0 700.0
-800.0 400.0 -750.0 750.0
0.0 300.0 -800.0 400.0
1000.0 1000.0 0.0 900.0
26
710.8501933520286 677.2219523425347 1026.965695742188 733.2007392241253 1
700.0 700.0 750.0 1017.2213477846444 1
175.0 700.0 175.0 950.0 1
-200.0 675.0 -175.0 975.0 1
-600.0 700.0 -575.0 1000.0 1
-725.0 667.2213477846444 -1075.0 817.2213477846444 1
-775.0 425.0 -925.0 250.0 1
-525.0 425.0 -575.0 225.0 1
-550.0 25.0 -550.0 225.0 1
-775.0 -25.0 -825.0 225.0 1
-850.0 -75.0 -1050.0 -125.0 1
-594.7726889156604 -111.96918036067535 -637.5799965309944 -338.62838606750825 1
-316.52518941598896 -133.37283416834237 -359.8813086674171 -375.94757732190203 1
48.983360222632655 -173.98489523930033 97.27878419890703 -407.7786522153556 1
399.12518405062156 -131.7263992600603 456.7504058404943 -383.63094022721845 1
732.8026587957897 -87.27265673644416 859.0293350974157 -328.74977661781577 1
850.2483489199112 -12.63427422765659 1036.2954935557864 -9.890216047186414 1
753.6575009673627 -3.304476414058115 846.9554791033472 218.41542456792854 1
597.2461846805652 3.8300748551642414 623.5891432130784 211.8296849348003 1
294.30216155666244 380.3148572156664 405.7109236837498 216.76898965964654 1
653.2249715621558 417.0852368339662 786.0373874969102 255.73461582232233 1
727.8633540709434 437.94007900553913 1014.3430281120254 394.5839597541111 1
-200.0 325.0 -200.0 200.0 1
-200.0 75.0 -200.0 200.0 1
190.57676233489155 319.3967656092294 199.90656014848992 204.69513366557794 1
198.2601252402078 191.52365439932123 188.93032742660944 82.31013881660999 0

