825.0 650.0 0.0
25
0.0 -200.0 900.0 -100.0
-900.0 -100.0 0.0 -200.0
0.0 100.0 -900.0 0.0
900.0 -100.0 900.0 0.0
1000.0 200.0 1000.0 -275.0
200.0 200.0 1000.0 200.0
-1000.0 200.0 -200.0 200.0
-1000.0 -275.0 -1000.0 200.0
0.0 -400.0 1000.0 -275.0
-1000.0 -275.0 0.0 -400.0
0.0 300.0 0.0 100.0
1000.0 300.0 200.0 200.0
1000.0 1000.0 1000.0 300.0
-1000.0 1000.0 0.0 900.0
800.0 400.0 0.0 300.0
750.0 750.0 800.0 400.0
0.0 700.0 750.0 750.0
-1000.0 300.0 -200.0 200.0
-1000.0 1000.0 -1000.0 300.0
-750.0 750.0 0.0 700.0
-800.0 400.0 -750.0 750.0
0.0 300.0 -800.0 400.0
1000.0 1000.0 0.0 900.0
-900.0 0.0 -900.0 -100.0
0.0 100.0 900.0 0.0
0

